2 2.6750001052278093e-05
5 2.3810000493540427e-05
10 4.650999981095083e-05
12 5.879999989701901e-05
15 6.858999986434356e-05
20 4.6290000682347454e-05
30 9.21299997571623e-05
40 0.0001880199990409892
45 0.00014235000089684035
50 0.00012985999965167138
55 0.00021181000010983553
60 0.00014253999979700892
75 0.0001864000008936273
100 0.00026131000013265295
125 0.0004343400003563147
160 0.0006779099996492733
200 0.0012231400003656745
250 0.0017046699998900295
350 0.004838490000111051
500 0.011046040000292124
600 0.018198819999815895
800 0.03726887999982864
1000 0.06655614000010246
2000 0.430233870000302
5000 4.325922619999619
10000 31.89207273000029
