2 1.446999995096121e-05
5 1.4790000204811803e-05
10 2.0460000087041408e-05
12 2.2149999131215738e-05
15 2.8449999808799477e-05
20 2.5290000121458433e-05
30 3.627000005508307e-05
40 6.193999943207018e-05
45 5.0429999828338626e-05
50 5.6549999862909316e-05
55 6.058999933884479e-05
60 7.602999976370483e-05
75 8.561999966332224e-05
100 0.0001254700000572484
125 0.00019200000024284237
160 0.00035017999980482275
200 0.0005401599999458994
250 0.0007382600000710226
350 0.0014729599999554921
500 0.004170449999946868
600 0.006532630000583595
800 0.01147858000040287
1000 0.018140720000155854
2000 0.13602657999981602
5000 1.2679385399998864
10000 9.3546052099995
