2 7.403000017802697e-05
5 6.136000047263224e-05
10 6.362999993143603e-05
12 6.363000065903179e-05
15 6.802000061725266e-05
20 7.786999995005318e-05
30 8.331000062753447e-05
40 0.00010125999979209155
45 0.00012586999946506694
50 0.0001150600004621083
55 0.0001466800007619895
60 0.00012706000052276067
75 0.0001530500001535984
100 0.00022769000024709386
125 0.00030004999971424697
160 0.00040365999957430175
200 0.0006101100003434113
250 0.0014782399994146544
350 0.002627859999847715
500 0.005863160000080825
600 0.010718769999220968
800 0.017090059999463846
1000 0.030125580000458285
2000 0.20108342000021368
5000 1.7001232300000992
10000 9.68547550000003
