2 3.490999988571275e-05
5 5.013000009057578e-05
10 3.906999991158955e-05
12 3.6390000241226515e-05
15 4.7730000005685724e-05
20 5.069999970146455e-05
30 7.897999967099167e-05
40 8.067999951890669e-05
45 0.00011582000079215504
50 0.0001103000009607058
55 0.0001378899996780092
60 0.0001456400004826719
75 0.00016169999980775174
100 0.00021657999968738295
125 0.0003380599995580269
160 0.00047127999932854435
200 0.0007496000005630776
250 0.0027681600000505568
350 0.006133140000019921
500 0.013258890000361134
600 0.020030569999289583
800 0.04251635999935388
1000 0.08137853000007453
2000 0.36399261000042316
5000 3.5365165799998066
10000 29.311551529999996
