2 1.959000001079403e-05
5 2.147999985027127e-05
10 2.1040000501670874e-05
12 2.2779999926569872e-05
15 2.3489999875891954e-05
20 3.000000069732778e-05
30 3.745000030903611e-05
40 4.4379999962984584e-05
45 5.87099992117146e-05
50 5.380000038712751e-05
55 6.476000016846229e-05
60 6.460000076913275e-05
75 7.887000028858893e-05
100 0.00010783999896375462
125 0.00016272000029857737
160 0.0002285500002471963
200 0.0003122900001471862
250 0.0010604499995679362
350 0.0022655699998722413
500 0.005500140000367537
600 0.007568119999632472
800 0.014922059999298654
1000 0.025288469999213702
2000 0.12540675999989617
5000 1.014836120000109
10000 8.492735200000244
