2 8.245000026363414e-05
5 9.004999992612284e-05
10 0.00013507999901776201
12 6.474999972851946e-05
15 0.00012236000002303627
20 8.164000064425636e-05
30 5.959000045550056e-05
40 7.329999971261714e-05
45 9.218000050168485e-05
50 8.024000053410418e-05
55 9.712999963085167e-05
60 8.31199995445786e-05
75 0.0001080299996829126
100 0.00013508999909390696
125 0.0001869000003352994
160 0.00023503999909735285
200 0.0003380100002686959
250 0.0011519799998495727
350 0.0016514399987499929
500 0.00429175999997824
600 0.005902160000186995
800 0.010454159999790135
1000 0.02328148999986297
2000 0.13140440999959538
5000 1.174391739999919
10000 7.017221459999928
