2 8.020000022952445e-05
5 7.005999977991451e-05
10 6.767000049876515e-05
12 4.0789999547996556e-05
15 6.225000106496736e-05
20 4.794999949808698e-05
30 5.2179998601786795e-05
40 6.677999917883425e-05
45 9.148999961325899e-05
50 7.167000076151453e-05
55 8.430000016232953e-05
60 7.606000035593752e-05
75 9.53600014327094e-05
100 0.00012794999965990428
125 0.00017422000055375975
160 0.0002447799994115485
200 0.00033798999975260814
250 0.0008588799992139684
350 0.0015351599999121391
500 0.003944070000216016
600 0.005734269999447861
800 0.010999319999973523
1000 0.02386177999942447
2000 0.13137120000028518
5000 1.1395456200003538
10000 7.10891441000058
