2 5.847000029461924e-05
5 5.340000134310685e-05
10 5.5610000345041044e-05
12 5.539000048884191e-05
15 6.0739999753423035e-05
20 6.471999913628678e-05
30 7.388000085484236e-05
40 9.043000063684304e-05
45 0.00010522000084165484
50 0.00010308000018994789
55 0.000130880000142497
60 0.0001149199997598771
75 0.00014110999945842194
100 0.00022790000002714805
125 0.00029163000072003343
160 0.00043089000027976
200 0.0005869100004929351
250 0.0017049699999915902
350 0.002700980000736308
500 0.005907929999739281
600 0.008736749999661697
800 0.017467269999906422
1000 0.03374876999987464
2000 0.20556542999947852
5000 1.6012230799991811
10000 10.270658810000896
